1019872694607563825
1020357874486756004
1043556152907615662
1055335351469821154
1057849991270254004
1062501230972259506
1074656923835122680
1077525783982851854
1080343812959519710
1097134606172374220
1100374685112684054
1109699918022591848
1116116839096928044
1131542232619371953
1152732623221965452
1153425787549862787
117556111380268918
118309583788788158
1190865184212797216
1210835847027836757
1212410307342584962
1225141009078174316
123536310518957317
1254007110178720146
1271820603563590347
1283020319871486634
1288422556789785960
1309296107294771842
1321114208055610314
1327176653100696193
1346609722992051839
1354907084061690000
1361479253234372142
1367005598427595197
1375958782248633294
1377765465547817142
1394798653825761410
1396771954280645002
1433730787072689291
1433734351847181002
1437061984980584760
1442976895895619120
1443604871918404602
1444884793580537820
1474971882142187899
1483033246778934690
149639188606371814
1526084494652165158
1539960773358931291
1562112537258577224
1577287026786979334
1623566901949646769
1630887125832384996
1635456121251054141
1646947314307779120
1651215465752971278
1660309163976773169
1663365485292241892
1664992050729796981
16713710863404672
1696618102295119346
1711982159623376365
1721965242836338772
1728477320094892534
1763072116884262360
1774787289753275847
1782733241911494292
1787815532223809740
1818002668362220243
1821804629469840939
184181703434849617
1859658387069684841
1869153572970906039
1881870053063411417
1896761776741762233
1905472533646690297
1906107794786766763
1907830301197291505
1922853793992753453
1929558267922236141
1930612122203604879
1931320758527217191
193472915268718395
1943690144360188380
1964036458579576841
1990856110807007347
1997813974494364130
2017720368059927251
2028170380213570845
2044384478465313190
2057957355822597746
2058160672792331731
2070761993280570993
2079788280351966291
2083410319496530386
2090073064753286678
2095000849483121696
21073574481251967
2125491186263215121
2125717479007339519
2126317176971084579
21371609376377763
2143419417083790812
2154578496388222096
2164268080705718591
2164830438539872365
2172748563950292359
2182112820477448049
2230487563320707166
2250788805849794025
2258527915344678641
2279082783540005013
2291766634208379068
2298944645480138854
2311052396615909954
2317166384234645544
2328159968944737312
232935843342208194
2331205548346523947
2333873787740701355
2335006506845228312
2352630300706620513
2364727764119406030
2365977028664248056
2367898740992984588
2371310549006500954
2382664427026663148
2397074563513470398
2401665980679145141
2402757177193877397
2404399789206946728
2427562684758248535
246591722854763060
2468897545285222851
2492005194139978194
2493232637620145521
2493809757389539272
2499523127751429922
2518762368147341836
2523808272529771727
2524074712177790522
2529012200661926736
2536886825846983355
2551057444962321194
2552663056741385907
255357838499136437
2556147152249572466
2560755199958468117
2563114136463820854
2581382107594574761
2600145145812111132
2605377641013594599
2646102490964968507
2651091242281421239
2651702818954234043
2653675059100207359
2658358252157619030
2670592405133476951
268332013653476180
2690532781425312623
2703805067892311445
2736981223212730757
2753978941160506621
2754254031926087495
2759602214067259094
2760597445327997635
276623638074902108
2767148359869744368
2771918276050766805
2773974471533740089
2779448280339728920
2791247329850772580
2791305439123293382
2801462065669425289
2837324385640205362
2846972138252420583
2857427768079240959
286357973023672727
2886504382187457936
2890110670456376437
289860846317159723
2900042191658044416
2902933463348301134
2904849357388795431
2912843795978339044
2914463934079124377
2940876570971554637
2941133209305698178
296938503535938972
2991126999433169413
3009553884413381804
3021140347442843548
3031687850816783743
3045632362955361775
306338170647562467
3089191360208389055
3090836440411294657
309275222422408868
3102068353214925248
3104863450238373695
3118776660889125845
311898355641501725
3148025246497784946
3154088498947244742
3164321002479896248
3168367292368307124
3170301822599646189
3182974390248752703
3187400584307098421
3191256645014211419
3192922838235499923
3201883143777108721
3231040479037704959
3241148291947121775
3242230061653574943
3244321395216370653
3281744834623064625
3291345043564020788
3308180644536402163
3310176568429921860
3341532948901874858
3352101341792979924
336012613936694009
3361897587336039042
3362464112671343325
3365052896501976552
3400141483735336987
34230459662485308
3442776443926364782
3448337976414718681
34749084355022048
3495607085658751796
3501486709783873545
3513087687099894882
351616302715717466
3535463229824846843
3541427434279553315
3542295126188900636
3552079387461766111
3555825867253105779
357184527183921613
3576182737663577866
3590026241498301733
3596469747269847091
3597144675088354579
362116703568939275
3639437966162151334
36398043842300986
3646991332869095971
3651063028102680217
3655829946054165883
3668634711739485357
3673703739561166153
3701106690436449932
370704288200477530
3720618593019838467
3724175717423205211
3747362435178775879
3762810676456408705
3796452939255204780
379843080604504056
3803512094762156259
3830235554907572249
3840683235811870544
3864737430381611843
3871409301188067347
3873333908560693124
3885423575241018398
3895520152756109427
3896339644418703668
3897724625918447098
3904199666437211611
3913204230107712378
3924816249551669223
3936839123150454799
394228901556144870
3951119567581626983
3953003717844225775
3965387482188957842
398596637444294159
3993114575436009361
4000515863951788381
4011523916648761878
4031233681207017926
4031349652717715914
4037136025475171362
4040268530523523939
4048218528951191807
4050735011941400578
4057164258057735773
4087839611405159766
4100870614585787819
4111812216590319817
4116008094757503818
4133034844829730654
4147316531480251774
4150043671764551493
4162058057695248641
417729380673078276
4187886720679495438
4191860260310108989
4204192676583131680
4215408004693575853
4222743864720115651
4247807192026465485
425129511265191391
4267338224495184848
4269136592148317665
4280096103286849965
4284736270774191842
4290914052709567489
4300265862227970106
4302335886364200568
4311670216054098842
4316961747694145032
432289398534785810
4340907940932764536
4353452193083704137
4359398674712117605
4362783428744332719
4365268462804291295
438270658297154313
4406498437307649181
4414563383128899800
4432039498041476714
4460561283619244924
4461867157465613460
4462353722958562092
4468355537282682637
4482513228428822211
4503961182314120180
4507579349079510226
4527627775094245275
4527820149666564198
4528519129829622624
4533685407141480235
4535160360490715254
453942001999888503
4541632924310980561
4542397088452005386
4545493808303524177
4549880180246661911
4573970485398684541
4581052362005106113
458986671305739869
4605132587483873983
4622920741287118995
4625774090822501327
4625863413507508139
4626074405503123742
4676011389283025705
4676203013307452214
4682134251768204617
4682667672272192761
4685942510804157967
4724163945249131998
4724446497123420898
4735872469497956437
4738873078497953837
4760134088095777832
4768525805803291367
4776837695798069576
4777802199776707906
4798191950328513116
4823146356524796886
4829273053030596768
4832281456246277400
483324126342630149
4838370586613665661
48391727054143954
4846867681722647667
4874705660592472990
4878184218819906312
4884481480045186362
4897983300911646190
4898510115898672308
4926561689511217324
4937996365104106352
4955135087135179571
4975993056094603063
4996540342950121111
5006231004656124889
5022309805893306046
5036497577802156110
5051560946692344793
5054918805362459363
5057953030108564642
5058532705525711255
5072148672758891371
5084925167887664108
5091979807243520860
5106675213201391679
5124849153561609210
5129731027669893595
5129814845414395305
514555501606817046
515484123154958700
516908264063844661
5196106628022815529
5198545522471945716
5200998405905924968
5208033708863144565
5216109402460275994
5236601176142268827
5259604444090092040
5303053394647796500
5311981702510825385
5313313952261098856
5321768186966853027
5323226514420351745
5328825398603499902
5339571346405083895
5341447752967734276
5343570088116178635
5347859325111844920
5351867034872596116
5375053726765237245
538025458656887286
5387142001877797185
539053648726541571
5421684879261712707
5434720475223836419
5437535307358488528
5451939333208428521
5453411432622933323
5455637400219110992
5488082380028201707
5490152692955631291
5496099838170318076
5501275116581309832
5504977194161621714
5506787866583647813
5510666214799788202
5512943381775142302
5513027431986776921
5519837038108557982
5522947016582842498
5534956718065140065
5539877837813531542
5561218575622098710
5578287394548042398
5581054344312735503
5610506484915850740
5618750369208551779
5621478498143454985
5624570828493179854
562737384039467684
5629249149797548909
5641572457257847054
5675410518864382019
5681465268937115418
568835856285778861
5699794349971752387
5704274014175250013
5713343539239862412
5718935968122947431
5728068785017015706
5740018349716424273
5754277230200963570
5759038730678980166
5760429701578113554
5763020782750944517
5772509970433985089
5777421588816350683
5785013283900442623
5794667920920756535
5797893188069968154
5800460564244546640
5804799660287674050
5815527875426075073
5829490297776063759
5854214080053789367
5855356902177130140
586423215447163107
5868126491374996835
5869715252297023717
5877644642224586929
5897316346784727098
5908485794166689266
5915950511123942006
5921851901598059720
5923775548233827850
5925236118079881228
5927538764229461049
5935990692220192096
5936708147218370319
5947046771643990364
5987922505470067347
6001359194561007360
6005711506966006660
6019157510114132341
6047001473459046459
6049677792716736008
6060314933649427194
6072379969347864180
6075011791914683594
608146433469009198
6090457325218121271
6104328937879128028
6112108789650640614
6120497170063642148
6150491686897403634
6154385063618036594
6174428725823754048
617509987635251224
6188068285352920064
6194751974293393170
6217342408597391616
6224440905139044780
624749122768291101
627094551708452368
6275839366062228363
6285577750450227850
6294786243327377589
6296564541944121421
6304356559787150252
6311044928917424212
635103904978389091
6364381682347101569
6367005506457194129
6394441920001950239
6405925808148202667
6407359872453988129
6434130536118436034
6440110334735368689
6442815959836737577
6454847797039812469
6464616620513513115
6472527265033308499
6499342707679118707
651287222373925614
6515400992729614800
6516241249869647718
6536301673142896757
6556425699118170993
6558183037373399541
6569613510013177066
6581131388309229331
6581199364161358991
6599335572594052085
6606825576321404493
6613219535893580488
6620180413732244302
6642357493987362650
6656735739491926181
666780908276502471
667218763785191579
6678468718049313122
6700151094308782985
6735633112152752295
674445186980399459
6776568401567370111
6824268434835981593
6825601957817566860
6826569808080096445
6843225704809123671
6844331089520183464
6845006336907625712
6873005048566401902
6890091100993046127
6891176842273702366
6896966212557884639
6898801107157404751
6903081849208391964
6958611978578837996
6959687571248137802
6973928426479307148
6983228220686682043
6984637000743603629
6986856864793118496
6992377531301708100
6994604064302908805
6998642920204157955
6998773441416874793
7004338839087435364
7005420640087197126
7005710183866517819
7008241884944420540
7009248582196151217
7013374277713281907
7014048481287554946
701949235876546697
7031821793950190088
7047794890393734097
706283897109564523
7070222320516876462
7070505178111495099
7074355183817346659
7081839512815354769
7107956815661518089
7113185312998969106
7113732324416702781
7134862684681748672
7139720974209794889
7150648020237435151
7165434076035432914
7177955638822260086
7184934182277890607
7190118429462514021
7195532734522344077
7196224589150637218
7201445289426373215
7213379004172225150
7219551530240134336
722563054613581779
723417552955132118
7249825024290015430
7265148204963809401
7274149970825333265
7286987986698194495
7295445239338123816
7297290243016642492
7321297683764168465
7331264437001273550
7338526165952121353
7365858090079243316
7372478927820377026
7380107334866846006
7381886990057226521
7383814575423964726
7388555753825783065
7405578908246493636
740643888606956873
7418640405108572878
7419489331463603980
743975055612462606
7444267256072193431
7453912230725570333
7472027957458715308
7485958989274235017
7499530821643682310
7502687234733524720
7540834541979452571
7547993188030170305
7577203751471366774
7595040452719562216
7597688595397493744
7606828217762271020
7631437321974009462
7636651355625572156
7647266540155716399
7670953195101372716
767318916502339933
7684962944579030331
7688357566436952931
7689641938855477287
7710223952218637247
7712606415101903812
771879184080783369
7726435745257376854
7746074210202633086
7753966824018233087
7782795129474140411
7786031916887786919
7799030108535016911
7809149815159408176
781829317700374068
7825778666660840313
7833326155065017137
7838709676982157416
7841071059842386150
7844997021643393531
7852345263510470984
7855737971662278005
7869781817858608706
7897426008802477013
7903634318416628977
7905774458076548761
7906968286726670374
7917556276293550726
7919083557822744856
7921611532600100992
7925290119030853341
7926565584866921069
7945504097869057705
7973168195343173577
798126020662673842
7982568972427544173
79900383140004829
8013513630218798944
8030308837765759116
8030907929281514694
8059754299047300318
8072530530219019926
8080909935054571741
8119833412747870296
8134767939492005408
8138029745759207811
8143606078415455441
8147927422088267907
8148192850535272345
8150286755490384946
8171327968715558466
8200080414225548216
8207606445138658769
8221217938642716392
8233074946381072929
8235840559536751644
8236204814142688473
8258465440297206812
8261089983239570099
8265652857127979969
8273189058780089285
8276293594446580213
8280667986119837682
8287720944014476478
8303466130887428157
8318062150641337239
8321510804621117525
8330364248049797986
8331175795143560080
8339336694020130444
8365849487692548880
836617314012777601
8374547951550677184
8388714316866538400
8407333924644343302
8413002757489509419
8430172906809672189
8476157197828245438
8486130504581992339
8508779965205268441
853068042683369203
8532593260068686466
8551920255695474403
8553944642189542371
8556861283007154602
858730249750528768
8618727491394487841
8619104322277297610
862382341733829558
8635559980019761730
8636543481532466789
8650964525554748005
8669841131222158888
8682511404413897938
8688536893044508440
8716412280440834372
8725702006195375744
8735703691174496575
8752275149577995424
8756661430726313359
8760682741920583630
8769781296527066150
8788859184770074248
8793044032622116878
8793244958039687314
8798244711269943862
8807486955623891491
8827543873929038731
8839901803850253451
8852608773115102255
8857941493042070136
8866677510187532551
8873179937250889238
8887360134824742864
8890961476242394634
889241651153289878
8925152353540590836
8932962987353587994
8933646300396013797
8966817903980006275
8968713779391906312
8978418494177560992
8980078175675697491
899088938759635725
89946678710390449
9009125430383887647
9014130154008036149
9017422546920687315
9018632991452843758
9039753215798231169
904117257031599343
9048007740417788779
9067501241147016929
9069395070720689833
9080823586646215253
9102361269673675031
9125476364943116569
9129102133172520179
9131497459748719359
9134634896504344393
9137703956770016782
9138031265650789335
9147877451262871828
9158138761009710769
9192398447668317979
9211640617181724980
9215710034890345356
926357722142428531
971307564164140912
973080085502903272
981614469107631713
